function solution(board){
    let answer=0;
    let dx=[-1, 0, 1, 1];
    let dy=[1, 1, 1, 0];
    let pan=Array.from(Array(21), ()=>Array(21).fill(0)); 
    for(let i=1; i<=19; i++){
        for(let j=1; j<=19; j++){
            pan[i][j]=board[i-1][j-1];
        }
    }
    for(let i=1; i<=19; i++){
        for(let j=1; j<=19; j++){
            if(pan[i][j]!==0){
                for(let k=0; k<4; k++){
                    let x=i;
                    let y=j;
                    let cnt=1;
                    if(pan[i-dx[k]][j-dy[k]]!==pan[i][j]){
                        while(true){
                            x=x+dx[k];
                            y=y+dy[k];
                            if(pan[x][y]===pan[i][j]) cnt++;
                            else break;
                        }
                    }
                    if(cnt===5){
                        answer=pan[i][j];
                        return answer;
                    }
                }
            }
        }
    }
    return answer;
}
console.log(solution([[0, 0, 0, 0, 0, 0, 0, 0, 0, 0, 0, 0, 0, 0, 0, 0, 0, 0, 0], 
    [0, 0, 0, 0, 0, 0, 0, 0, 0, 0, 0, 0, 0, 0, 0, 0, 0, 0, 0],
    [0, 1, 2, 0, 0, 2, 2, 2, 1, 0, 0, 0, 0, 0, 0, 0, 0, 0, 0],  
    [0, 0, 1, 2, 0, 0, 0, 0, 1, 0, 0, 0, 0, 0, 0, 0, 0, 0, 0],  
    [0, 0, 0, 1, 2, 0, 0, 0, 0, 0, 0, 0, 0, 0, 0, 0, 0, 0, 0],  
    [0, 0, 0, 0, 1, 2, 2, 0, 0, 0, 0, 0, 0, 0, 0, 0, 0, 0, 0],  
    [0, 0, 1, 1, 0, 1, 0, 0, 0, 0, 0, 0, 0, 0, 0, 0, 0, 0, 0],  
    [0, 0, 0, 0, 0, 0, 2, 1, 0, 0, 0, 0, 0, 0, 0, 0, 0, 0, 0],  
    [0, 0, 0, 0, 0, 0, 0, 0, 0, 0, 0, 0, 0, 0, 0, 0, 0, 0, 0],  
    [0, 0, 0, 0, 0, 0, 0, 0, 0, 0, 0, 0, 0, 0, 0, 0, 0, 0, 0],  
    [0, 0, 0, 0, 0, 0, 0, 0, 0, 0, 0, 0, 0, 0, 0, 0, 0, 0, 0],  
    [0, 0, 0, 0, 0, 0, 0, 0, 0, 0, 0, 0, 0, 0, 0, 0, 0, 0, 0], 
    [0, 0, 0, 0, 0, 0, 0, 0, 0, 0, 0, 0, 0, 0, 0, 0, 0, 0, 0],  
    [0, 0, 0, 0, 0, 0, 0, 0, 0, 0, 0, 0, 0, 0, 0, 0, 0, 0, 0],  
    [0, 0, 0, 0, 0, 0, 0, 0, 0, 0, 0, 0, 0, 0, 0, 0, 0, 0, 0],  
    [0, 0, 0, 0, 0, 0, 0, 0, 0, 0, 0, 0, 0, 0, 0, 0, 0, 0, 0],  
    [0, 0, 0, 0, 0, 0, 0, 0, 0, 0, 0, 0, 0, 0, 0, 0, 0, 0, 0],  
    [0, 0, 0, 0, 0, 0, 0, 0, 0, 0, 0, 0, 0, 0, 0, 0, 0, 0, 0],  
    [0, 0, 0, 0, 0, 0, 0, 0, 0, 0, 0, 0, 0, 0, 0, 0, 0, 0, 0]])); 